1000000000000000000
995000000000000000
990000000000000000
985000000000000000
980000000000000000
975000000000000000
970000000000000000
965000000000000000
960000000000000000
955000000000000000
950000000000000000
947500000000000000
945000000000000000
942500000000000000
940000000000000000
937500000000000000
935000000000000000
932500000000000000
930000000000000000
927500000000000000
925000000000000000
923750000000000000
922500000000000000
921250000000000000
920000000000000000
918750000000000000
917500000000000000
916250000000000000
915000000000000000
913750000000000000
912500000000000000
911875000000000000
911250000000000000
910625000000000000
910000000000000000
909375000000000000
908750000000000000
908125000000000000
907500000000000000
906875000000000000
906250000000000000
905937500000000000
905625000000000000
905312500000000000
905000000000000000
904687500000000000
904375000000000000
904062500000000000
903750000000000000
903437500000000000
903125000000000000
902968750000000000
902812500000000000
902656250000000000
902500000000000000
902343750000000000
902187500000000000
902031250000000000
901875000000000000
901718750000000000
901562500000000000
901484375000000000
901406250000000000
901328125000000000
901250000000000000
901171875000000000
901093750000000000
901015625000000000
900937500000000000
900859375000000000
900781250000000000
900742187500000000
900703125000000000
900664062500000000
900625000000000000
900585937500000000
900546875000000000
900507812500000000
900468750000000000
900429687500000000
900390625000000000
900371093750000000
900351562500000000
900332031250000000
900312500000000000
900292968750000000
900273437500000000
900253906250000000
900234375000000000
900214843750000000
900195312500000000
900185546875000000
900175781250000000
900166015625000000
900156250000000000
900146484375000000
900136718750000000
900126953125000000
900117187500000000
900107421875000000
